 64.0  40.0  25.0  16.0  12.0 100.0  75.0  50.0  38.0  25.0
  0.75  1.1   1.5   2.2   3.0   4.    5.5   7.5  11.   15.
 2840. 2810. 2850. 2850. 2840. 2880. 2880. 2900. 2900. 2940.
 1390. 1420. 1415. 1425. 1435. 1430. 1445. 1455. 1460. 1465.
  915.  920.  935.  950.  955.  950.  965.  970.  975.  975.
  700.  700.  700.  700.  700.  720.  720.  730.  730.  730.
 2.2 2.2 2.6 2.6 2.5 2.5 2.5 2.8 2.8 2.2
 2.2 2.2 2.6 2.4 2.4 2.4 2.2 3.0 3.0 2.3
 2.2 2.2 2.2 2.2 2.5 2.5 2.5 2.5 2.0 2.0
 1.9 1.9 1.9 2.2 2.2 2.6 2.6 2.2 2.2 2.0
 15.1 15.1 17.4 20.4 28.7 36.0 42.0 56.0 93.0130.0
 15.1 17.4 20.4 28.7 36.0 42.0 56.0 77.0 93.0135.0
 17.4 20.4 28.7 42.0 56.0 56.0 77.0 93.0135.0160.0
 28.7 28.7 42.0 56.0 56.0 77.0 93.0135.0160.0195.0
 19. 19. 22. 22. 24. 28. 28. 32. 38. 42. 19. 22. 22. 24. 28. 28.
 32. 38. 38. 48. 22. 22. 24. 28. 32. 32. 38. 38. 48. 48. 24. 24.
 28. 32. 32. 38. 38. 48. 48. 55. 40. 40. 50. 50. 50. 60. 60. 80.
 80.110. 40. 50. 50. 50. 60. 60. 80. 80. 80.110. 50. 50. 50. 60.
 80. 80. 80. 80.110.110. 50. 50. 60. 80. 80. 80. 80.110.110.110.
 71. 71. 80. 80. 90.100.100.112.132.160. 71. 80. 80. 90.100.100.
112.132.132.160. 80. 80. 90.100.112.112.132.132.160.160. 90. 90.
100.112.112.132.132.160.160.180.
 28.5  49.0  59.0  24.5  28.5  59.0
  700.  780.  800.  590.  700.  780.
  0.1   0.2   0.3   0.5   0.70  0.8   1.0   1.5   2.0   2.5
  3.0   3.5   4.0   4.5   5.0   6.0   7.0   8.0  10.0  12.0
 16.0
   1.00    0.50    0.25    0.18    0.125   0.063
   1.00    0.30    0.14    0.06    0.038   0.013
   1.00    0.20    0.10    0.04    0.016   0.004
 10.0 10.5 11.0 11.5 12.0 13.0 14.0 15.0 16.0 17.0
 18.0 19.0 20.0 21.0 22.0 24.0 25.0 26.0 28.0 30.0
 32.0 34.0 36.0 38.0 40.0 42.0 45.0 48.0 50.0 53.0
 56.0 60.0 63.0 67.0 71.0 75.0 80.0 85.0 90.0 95.0
100.0105.0110.0120.0125.0130.0140.0150.0160.0170.0
180.0190.0200.0210.0220.0240.0250.0260.0280.0300.0
320.0340.0360.0380.0400.0420.0450.0480.0500.0530.0
560.0600.0630.0670.0710.0750.0800.0850.0900.0950.0
  3.15  5.9   3.5   4.0   3.75  4.15  6.10
  4.30  3.7   0.0   0.0   0.0   0.0   0.0
  3.3   6.2   3.75  4.3   3.9   4.4   6.35
  4.45  3.85  0.0   0.0   0.0   0.0   0.0
  3.8   7.2   5.15  4.9   4.5   5.1   7.5
  5.1   5.25  0.0   0.0   0.0   0.0   0.0
 3.14159 215000. 215000.
  1.00  2.00  0.25  0.40  0.00  0.00  0.00 20.00  1.20  0.00
  0.00  0.00  0.30  0.00  1.00  1.00  0.95  1.00  1.00  1.10
  1.00  1.00  0.00  0.96  0.00  0.00  0.00  0.25  0.31  0.40
  0.50  0.70  1.00  1.30
  0.05
