 64.0  40.0  25.0  16.0  12.0 100.0  75.0  50.0  38.0  25.0
 28.5  49.0  59.0  24.5  28.5  59.0
  700.  780.  800.  590.  700.  780.
  0.1   0.2   0.3   0.5   0.70  0.8   1.0   1.5   2.0   2.5
  3.0   3.5   4.0   4.5   5.0   6.0   7.0   8.0  10.0  12.0
 16.0
   1.00    0.50    0.25    0.18    0.125   0.063
   1.00    0.30    0.14    0.06    0.038   0.013
   1.00    0.20    0.10    0.04    0.016   0.004
 10.0 10.5 11.0 11.5 12.0 13.0 14.0 15.0 16.0 17.0
 18.0 19.0 20.0 21.0 22.0 24.0 25.0 26.0 28.0 30.0
 32.0 34.0 36.0 38.0 40.0 42.0 45.0 48.0 50.0 53.0
 56.0 60.0 63.0 67.0 71.0 75.0 80.0 85.0 90.0 95.0
100.0105.0110.0120.0125.0130.0140.0150.0160.0170.0
180.0190.0200.0210.0220.0240.0250.0260.0280.0300.0
320.0340.0360.0380.0400.0420.0450.0480.0500.0530.0
560.0600.0630.0670.0710.0750.0800.0850.0900.0950.0
  3.15  5.9   3.5   4.0   3.75  4.15  6.10
  4.30  3.7   0.0   0.0   0.0   0.0   0.0
  3.3   6.2   3.75  4.3   3.9   4.4   6.35
  4.45  3.85  0.0   0.0   0.0   0.0   0.0
  3.8   7.2   5.15  4.9   4.5   5.1   7.5
  5.1   5.25  0.0   0.0   0.0   0.0   0.0
 3.14159 215000. 215000.
  1.00  2.00  0.25  0.40  0.00  0.00  0.00 20.00  1.20  0.00
  0.00  0.00  0.30  1.00  1.00  0.95  1.00  1.00  1.10
  1.00  1.00  0.00  0.98  0.00  0.00  0.25  0.31  0.4   0.5
  0.7   1.0   1.3
  2.2   0.05
