Подшипники качения шариковые радиально-упорные однорядные (из ГОСТ 831-75)
Диаметр отверстия внутреннего кольца подшипника (мм).
20 25 30 35 40 45 50 55 60 65 70 75 80
Условное обозначение  ( А6-36214К6 ).
12345678901234567890123456789012345678901234567890123456789012345678901234567890
     36204               36205               36206               36207
     36208               36209               36210               36211
     36212                 -                 36214                 -
     36216               36204               36205               36206
     36207               36308               36209               36210
     36211               36212                 -                 36214
       -                 36216

Ширина подшипника (мм).
14 15 16 17 18 19 20 21 22 0 24 0 26
14 15 16 17 23 19 20 21 22 0 24 0 26

Наружный диаметр подшипника (мм).
47 52 62 72 80 85 90 100 110 0 125 0 140
47 52 62 72 90 85 90 100 110 0 125 0 140

Динамическая грузоподъемность (Н).
15700 16700 22000 30800 38900 41200 43200 58400 61500 0 80200 0 93600
15700 16700 22000 30800 53900 41200 43200 58400 61500 0 80200 0 93600

Статическая грузоподъемность (Н).
8310 9100 12000 17800 23200 25100 27000 34200 39300 0 54800 0 65000
8310 9100 12000 17800 32800 25100 27000 34200 39300 0 54800 0 65000

Масса (кг).
0.10 0.12 0.19 0.27 0.37 0.42 0.47 0.58 0.77 0 1.04 0 1.68
0.10 0.12 0.19 0.27 0.63 0.42 0.47 0.58 0.77 0 1.04 0 1.68
Условное обозначение.
12345678901234567890123456789012345678901234567890123456789012345678901234567890
     46204               46205               46206               46207
     46208               46209               46210               46211
     46212               46213               46114               46215
     46216               46304               46305               46306
     46307               46308               46309               46310
     46211               46312               46313               46314
     46215               46316

Ширина подшипника (мм).
14  15  16  17  18  19  20  21  22  23  20  25  26
15  17  19  21  23  25  27  21  31  33  35  25  39

Наружный диаметр подшипника (мм).
47  52  62  72  80  85  90 100 110 120 110 130 140
52  62  72  80  90 100 110 100 130 140 150 130 170

Динамическая грузоподъемность (Н).
14800 15700 21900 29000 36800 38700 40600 50300  60800  69400  46100 78400  87900
17800 26900 32600 42600 50800 61400 71800 50300 100000 113000 127000 78400 136000

Статическая грузоподъемность (Н).
7640  8340 12000 16400 21300 23100 24900 31500 38800 45900 31700 53800 60000
9000 14600 18300 24700 30100 37000 44000 31500 65300 75000 85300 53800 99000

Масса (кг).
0.1  0.12 0.19 0.27 0.37 0.42 0.47 0.58 0.77 0.98 0.72 1.39 1.68
0.17 0.23 0.35 0.44 0.63 0.83 1.08 0.58 1.71 2.09 3.3  1.39 4.26
